VI Praefatio.

pprae: 94090 (9. 152, 4. 170, 3)

944 49·.409 9094404444 (91117, 4. 01. 181, 24

4044414144 400 (9. 8, 2), 94040044 (9. 11, 94, 0404404(9.112,174,
exanimas (9. 143, 04

14 abunde addidit: 4400 (9. 195, 114, 4044444404ον9 (9. 90, 14),
bid (9. 33, 12. 144, 44040440 (9. 17,-14)

4 transposuit: 0044004444444 (9. 10, 1), 0044004404404 (9. 3, 8.
140144, rethorica (p. 28, 444, phitonissa (9. 133, 11),
044444001044 (9. 59, 18)

44 940 4.· 40110444 940 40444444 (9. 20144, 00444444 (9. 108, 94,
4044444 (9. 30, 104, 1444404444(9 144, 2. 104, 04404404
a. m, n

44 abunde 4441141144 4444444444444044(9.8,94, 0444444041444 (9. 8, 144,
pessimam 0044404444444044 (9. 12, 124, 400044 (9. 14, 104

44 940 444 04404 (9. 198,174

4404444400 4444444044 444 (9 10, 7)
94 9400 94444 (9 (,91 104, 44944004 (9 109, 204
4449044100 addidit. 4004904444 444404444 p. 12, 4)
4940 e: 44044404 044444 (9 199, 104, 0044 444044440 (9. 95, 1)
4494044 094 49( 13, 11. sampsi) 444444 4(9. 17, 10), 0404 040044
(9. 181, 4)
1444 exitu uerbi 04441414 4 41404040 (9192104, 0440 (9. 37, 13. 42, 34.
04404040 (9, 45, 84, 4404004040 (9. 82, 64

4 superflue addidit: 0444444444 940 adiunxi (9. 43, 154.

syllabae saepe omittuntur, 4401444 940<94>004044 (9. 10, 84,
40<44>940 (9. 12, 54, 40<44>440444 (9. 88, 13), 094444<44>404
(9. 91, 144, 44440<40>44444 (9. 07, 24, 044<44>4 (9. 99, 44,
404404444>4449115,144,404944“<44>4 (9. 135, 74,
4104 0< 4>4 04 (9.152,144,40<44>44000(9104,14
004444<04 >444 ensis (p 172 ,,144 040<44>444(9. 178 1,54,
940<90>444 (9. 140, 84.

syllabae subinde perperam iteratae 444444, uelut sar0[na]ais
(9. 15, 5), 04444440440[440440]404 (9. 139, 04, 4404444444
(9180, 34, 044 0444440440 404044 (9 (203 4,4[04]4444
(91701 l), paena [ar]am( 29, 04.

Ρ44090414 mnam exeuntes consonae 4040 numquam in uerbis

 

